
练习
1.斐波那契数列
	1,1,2,3,5,8,13,21,34……
	第n个数是多少   14个数  20个数
2.2块一瓶啤酒，2个瓶子换一个啤酒，4个瓶盖换一个啤酒，问10块能喝多少瓶
3.交换两个变量的值，使用方法
4.f(n)=f(n-1)+f(n-2) f(0)=2 f(1)=3 ,用程序求得f(40)   
	2 3 5 8 13 21 34 55 89 ……   第40个数
5.将一个正整数分解质因数。例如：输入90,打印出90=2*3*3*5。测试数据有多组
6.输入两个正整数m和n，求其最大公约数和最小公倍数。
7.一球地下开始抛上去，从100米高度自由落下，每次落地后反跳回原高度的一半；再落下，求它在第10次落地时，共经过多少米？第10次反弹多高？
8.求1+2!+3!+...+20!的和?
9.编一个程序，定义结构类型（有学号、姓名、性别和成绩四个字段），声明该结构类型变量，用赋值语句对该变量赋值以后再输出。
10.编一个程序，输入一个正数，对该数进行四舍五入到个位数的运算。例如，实数12.56经过四舍五入运算，得到结果13；而12.46经过四舍五入运算，得到结果12
11.有关系式1*1+2*2+3*3+...+k*k<2000,编一个程序，求出满足此关系式的k的最大值
12.编一个程序，解决百钱买百鸡问题。某人有100元钱，要买100只鸡。公鸡5元钱一只，母鸡3元钱一只，小鸡一元钱3只。问可买到公鸡，母鸡，小鸡各为多少只。把所有的可能性打印出来。
x+y+z = 100;
5x+3y+z/3 = 100;
z/3 = 整数


13.输入一个学生成绩(0 - 100)
	//60分以下，输入不及格
	//60-69,合格
	//70-79,良
	//80-89,优
	//90以上,超神
14.求0-100之间所有偶数的和与奇数和，分别输出
15.求10的阶乘（1*2*3??*10）;
16.输入一个数n为7463453,使屏幕反向输出一个数字：3543647
17.在屏幕上输出以下形状：
*
**
***
****
*****
******
18.在屏幕上输出以下形状
*
***
*****
*******
*********
*******
*****
***
*
19.打印9 * 9乘法表
20.找出100到999之间的水仙花数
21.歌星大赛中，有100个评委给选手打分；
分值1-100，根据去掉一个最高分和一个最低分；
取剩余98个分数的平均分，作为该选手最后得分；
22.3个可乐瓶可以换一瓶可乐，现在有364瓶可乐。
问一共可以喝多少瓶可乐，剩下几个空瓶！
23.古典问题：有一对兔子，从出生后第3个月起，每个月都生一对兔子；
小兔子长到第三个月后，每个月又生一对兔子；
假如兔子都不死，第1 到 第20个月里，每个月的兔子总数为多少？
24.输出一个120-245之间的随机数
25.猜数字游戏，我有一个数，请您猜猜是多少？
//请您输入一个0-50之间的数：20（用户输入数字）
//您猜小了，这个数字比20大：30
//您猜大了，这个数字比30小：25
//恭喜您猜对了，这个数字为：25
26.冒泡排序
27.初始化以下数组：（两种方法）
1 1 1 1 1 1 1 1 1
1 2 2 2 2 2 2 2 1
1 2 3 3 3 3 3 2 1
1 2 3 4 4 4 3 2 1
1 2 3 4 5 4 3 2 1
1 2 3 4 4 4 3 2 1
1 2 3 3 3 3 3 2 1
1 2 2 2 2 2 2 2 1
1 1 1 1 1 1 1 1 1
28.输出杨辉三角（二维数组法）n层
1
1 1
1 2 1
1 3 3 1
1 4 6 4 1
1 5 10 5 1
1 6 15 15 6 1
29.二维数组坐标拷贝；
把第2个二维数组按照已知坐标，赋值到第1个二维数组内，
如果第2个二维数组超出第1个二维数组，则溢出部分不拷贝；
0 0 0 0 0 0 0 0 0 0  1 2 3
0 0 0 0 0 0 0 0 0 0  4 5 6
0 0 0 0 0 0 0 0 0 0  7 8 9
0 0 0 0 0 0 0 0 0 0
0 0 0 0 0 0 0 0 0 0
0 0 0 0 0 0 0 0 0 0
0 0 0 0 0 0 0 0 0 0
0 0 0 0 0 0 0 0 0 0
0 0 0 0 0 0 0 0 0 0
0 0 0 0 0 0 0 0 0 0